name: basta_py3
channels:
  - conda-forge
  - bioconda
  - defaults
dependencies:
  - _libgcc_mutex=0.1=conda_forge
  - _openmp_mutex=4.5=2_gnu
  - bc=1.07.1=h7f98852_0
  - blast=2.13.0=hf3cf87c_0
  - bzip2=1.0.8=h7f98852_4
  - c-ares=1.18.1=h7f98852_0
  - ca-certificates=2022.12.7=ha878542_0
  - coreutils=8.25=1
  - curl=7.88.1=hdc1c0ab_0
  - entrez-direct=16.2=he881be0_1
  - gawk=5.1.0=h7f98852_0
  - genome_updater=0.5.2=hdfd78af_0
  - gettext=0.21.1=h27087fc_0
  - keyutils=1.6.1=h166bdaf_0
  - krb5=1.20.1=h81ceb04_0
  - krona=2.8.1=pl5321hdfd78af_1
  - ld_impl_linux-64=2.40=h41732ed_0
  - leveldb=1.23=h0b3b9e0_1
  - libcurl=7.88.1=hdc1c0ab_0
  - libedit=3.1.20191231=he28a2e2_2
  - libev=4.33=h516909a_1
  - libffi=3.4.2=h7f98852_5
  - libgcc=7.2.0=h69d50b8_2
  - libgcc-ng=12.2.0=h65d4601_19
  - libgomp=12.2.0=h65d4601_19
  - libiconv=1.17=h166bdaf_0
  - libidn2=2.3.4=h166bdaf_0
  - libnghttp2=1.51.0=hff17c54_0
  - libnsl=2.0.0=h7f98852_0
  - libsqlite=3.40.0=h753d276_0
  - libssh2=1.10.0=hf14f497_3
  - libstdcxx-ng=12.2.0=h46fd767_19
  - libunistring=0.9.10=h7f98852_0
  - libuuid=2.32.1=h7f98852_1000
  - libzlib=1.2.13=h166bdaf_4
  - ncurses=6.3=h27087fc_1
  - openssl=3.0.8=h0b41bf4_0
  - parallel=20230122=ha770c72_0
  - pcre=8.45=h9c3ff4c_0
  - perl=5.32.1=2_h7f98852_perl5
  - perl-archive-tar=2.40=pl5321hdfd78af_0
  - perl-carp=1.38=pl5321hdfd78af_4
  - perl-common-sense=3.75=pl5321hdfd78af_0
  - perl-compress-raw-bzip2=2.201=pl5321h87f3376_1
  - perl-compress-raw-zlib=2.105=pl5321h87f3376_0
  - perl-encode=3.19=pl5321hec16e2b_1
  - perl-exporter=5.72=pl5321hdfd78af_2
  - perl-exporter-tiny=1.002002=pl5321hdfd78af_0
  - perl-extutils-makemaker=7.66=pl5321hd8ed1ab_0
  - perl-io-compress=2.201=pl5321h87f3376_0
  - perl-io-zlib=1.14=pl5321hdfd78af_0
  - perl-json=4.10=pl5321hdfd78af_0
  - perl-json-xs=2.34=pl5321h9f5acd7_5
  - perl-list-moreutils=0.430=pl5321hdfd78af_0
  - perl-list-moreutils-xs=0.430=pl5321hec16e2b_1
  - perl-parent=0.236=pl5321hdfd78af_2
  - perl-pathtools=3.75=pl5321hec16e2b_3
  - perl-scalar-list-utils=1.62=pl5321hec16e2b_1
  - perl-types-serialiser=1.01=pl5321hdfd78af_0
  - pip=23.0.1=pyhd8ed1ab_0
  - plyvel=1.5.0=py311h4dd048b_1
  - python=3.11.0=he550d4f_1_cpython
  - python-wget=3.2=py_0
  - python_abi=3.11=3_cp311
  - readline=8.1.2=h0f457ee_0
  - setuptools=67.4.0=pyhd8ed1ab_0
  - snappy=1.1.9=hbd366e4_2
  - tar=1.34=hb2e2bae_1
  - tk=8.6.12=h27826a3_0
  - tzdata=2022g=h191b570_0
  - wget=1.20.3=ha35d2d1_1
  - wheel=0.38.4=pyhd8ed1ab_0
  - xz=5.2.6=h166bdaf_0
  - zlib=1.2.13=h166bdaf_4
  - pip:
    - basta==1.4
prefix: /master/nplatt/anaconda3/envs/basta_py3
