name: repeatmasker
channels:
  - conda-forge
  - bioconda
  - defaults
dependencies:
  - _libgcc_mutex=0.1=conda_forge
  - _openmp_mutex=4.5=2_gnu
  - bzip2=1.0.8=h7f98852_4
  - ca-certificates=2022.9.24=ha878542_0
  - cached-property=1.5.2=hd8ed1ab_1
  - cached_property=1.5.2=pyha770c72_1
  - curl=7.71.1=he644dc0_3
  - entrez-direct=16.2=he881be0_1
  - gettext=0.19.8.1=h27087fc_1009
  - gmp=6.1.2=hf484d3e_1000
  - gnutls=3.5.19=h2a4e5f8_1
  - h5py=3.3.0=nompi_py39h98ba4bc_100
  - hdf5=1.10.6=nompi_h6a2412b_1114
  - hmmer=3.3.2=h87f3376_2
  - krb5=1.17.2=h926e7f8_0
  - ld_impl_linux-64=2.36.1=hea4e1c9_2
  - libblas=3.9.0=16_linux64_openblas
  - libcblas=3.9.0=16_linux64_openblas
  - libcurl=7.71.1=hcdd3856_3
  - libedit=3.1.20191231=he28a2e2_2
  - libffi=3.4.2=h7f98852_5
  - libgcc-ng=12.1.0=h8d9b700_16
  - libgfortran-ng=12.1.0=h69a702a_16
  - libgfortran5=12.1.0=hdcd56e2_16
  - libgomp=12.1.0=h8d9b700_16
  - libidn2=2.3.3=h166bdaf_0
  - liblapack=3.9.0=16_linux64_openblas
  - libnsl=2.0.0=h7f98852_0
  - libopenblas=0.3.21=pthreads_h78a6416_3
  - libsqlite=3.39.3=h753d276_0
  - libssh2=1.10.0=haa6b8db_3
  - libstdcxx-ng=12.1.0=ha89aaad_16
  - libunistring=0.9.10=h7f98852_0
  - libuuid=2.32.1=h7f98852_1000
  - libzlib=1.2.12=h166bdaf_3
  - ncurses=6.3=h27087fc_1
  - nettle=3.3=0
  - numpy=1.23.3=py39hba7629e_0
  - openssl=1.1.1q=h166bdaf_0
  - pcre=8.45=h9c3ff4c_0
  - perl=5.32.1=2_h7f98852_perl5
  - perl-archive-tar=2.40=pl5321hdfd78af_0
  - perl-common-sense=3.75=pl5321hdfd78af_0
  - perl-compress-raw-bzip2=2.201=pl5321h87f3376_1
  - perl-compress-raw-zlib=2.105=pl5321h87f3376_0
  - perl-encode=3.19=pl5321hec16e2b_1
  - perl-exporter=5.72=pl5321hdfd78af_2
  - perl-exporter-tiny=1.002002=pl5321hdfd78af_0
  - perl-io-compress=2.201=pl5321h87f3376_0
  - perl-io-zlib=1.11=pl5321hdfd78af_0
  - perl-json=4.09=pl5321hdfd78af_0
  - perl-json-xs=2.34=pl5321h9f5acd7_5
  - perl-list-moreutils=0.430=pl5321hdfd78af_0
  - perl-list-moreutils-xs=0.430=pl5321hec16e2b_1
  - perl-parent=0.236=pl5321hdfd78af_2
  - perl-pathtools=3.40=0
  - perl-scalar-list-utils=1.62=pl5321hec16e2b_1
  - perl-threaded=5.32.1=hdfd78af_1
  - perl-types-serialiser=1.01=pl5321hdfd78af_0
  - pip=22.2.2=pyhd8ed1ab_0
  - python=3.9.13=h9a8a25e_0_cpython
  - python_abi=3.9=2_cp39
  - readline=8.1.2=h0f457ee_0
  - repeatmasker=4.1.2.p1=pl5321hdfd78af_1
  - rmblast=2.11.0=h6200dbe_0
  - setuptools=65.4.0=pyhd8ed1ab_0
  - sqlite=3.39.3=h4ff8645_0
  - tk=8.6.12=h27826a3_0
  - trf=4.09.1=hec16e2b_2
  - tzdata=2022d=h191b570_0
  - wget=1.20.3=ha56f1ee_1
  - wheel=0.37.1=pyhd8ed1ab_0
  - xz=5.2.6=h166bdaf_0
  - zlib=1.2.12=h166bdaf_3
prefix: /master/nplatt/anaconda3/envs/repeatmasker
